 Ens#   Beam1   Beam2   Beam3   Beam4     Depth  Quality
         (m)     (m)     (m)     (m)       (m)    4=best
  200   -1.00   -1.00   -1.00   -1.00      0.00  0
  201   -1.00   -1.00   -1.00   -1.00      0.00  0
  202   -1.00   -1.00   -1.00   -1.00      0.00  0
  203   -1.00   -1.00   -1.00   -1.00      0.00  0
  204   -1.00   -1.00   -1.00   -1.00      0.00  0
  205   -1.00   -1.00   -1.00   -1.00      0.00  0
  206   -1.00   -1.00   -1.00   -1.00      0.00  0
  207   -1.00   -1.00   -1.00   -1.00      0.00  0
  208   -1.00   -1.00   -1.00   -1.00      0.00  0
  209   -1.00   -1.00   -1.00   -1.00      0.00  0
  210   -1.00   -1.00   -1.00   -1.00      0.00  0
  211   -1.00   -1.00   -1.00   -1.00      0.00  0
  212   -1.00   -1.00   -1.00   -1.00      0.00  0
  213   -1.00   -1.00   -1.00   -1.00      0.00  0
  214   -1.00   -1.00   -1.00   -1.00      0.00  0
  215   -1.00   -1.00   -1.00   -1.00      0.00  0
  216   -1.00   -1.00   -1.00   -1.00      0.00  0
  217   -1.00   -1.00   -1.00   -1.00      0.00  0
  218   -1.00   -1.00   -1.00   -1.00      0.00  0
  219   -1.00   -1.00   -1.00   -1.00      0.00  0
  220   -1.00   -1.00   -1.00   -1.00      0.00  0
  221   -1.00   -1.00   -1.00   -1.00      0.00  0
  222   -1.00   -1.00   -1.00   -1.00      0.00  0
  223   -1.00   -1.00   -1.00   -1.00      0.00  0
  224   -1.00   -1.00   -1.00   -1.00      0.00  0
  225   -1.00   -1.00   -1.00   -1.00      0.00  0
  226   -1.00   -1.00   -1.00   -1.00      0.00  0
  227   -1.00   -1.00   -1.00   -1.00      0.00  0
  228   -1.00   -1.00   -1.00   -1.00      0.00  0
  229   -1.00   -1.00   -1.00   -1.00      0.00  0
  230   -1.00   -1.00   -1.00   -1.00      0.00  0
  231   -1.00   -1.00   -1.00   -1.00      0.00  0
  232   -1.00   -1.00   -1.00   -1.00      0.00  0
  233   -1.00   -1.00   -1.00   -1.00      0.00  0
  234   -1.00   -1.00   -1.00   -1.00      0.00  0
  235   -1.00   -1.00   -1.00   -1.00      0.00  0
  236   -1.00   -1.00   -1.00   -1.00      0.00  0
  237   -1.00   -1.00   -1.00   -1.00      0.00  0
  238   -1.00   -1.00   -1.00   -1.00      0.00  0
  239   -1.00   -1.00   -1.00   -1.00      0.00  0
  240   -1.00   -1.00   -1.00   -1.00      0.00  0
  241   -1.00   -1.00   -1.00   -1.00      0.00  0
  242   -1.00   -1.00   -1.00   -1.00      0.00  0
  243   -1.00   -1.00   -1.00   -1.00      0.00  0
  244   -1.00   -1.00   -1.00   -1.00      0.00  0
  245   -1.00   -1.00   -1.00   -1.00      0.00  0
  246   -1.00   -1.00   -1.00   -1.00      0.00  0
  247   -1.00   -1.00   -1.00   -1.00      0.00  0
  248   -1.00   -1.00   -1.00   -1.00      0.00  0
  249   -1.00   -1.00   -1.00   -1.00      0.00  0
  250   -1.00   -1.00   -1.00   -1.00      0.00  0
  251   -1.00   -1.00   -1.00   -1.00      0.00  0
  252   -1.00   -1.00   -1.00   -1.00      0.00  0
  253   -1.00   -1.00   -1.00   -1.00      0.00  0
  254   29.05   28.75   29.05   28.58     28.84  4
  255   28.43   28.25   28.63   28.22     28.37  4
  256   27.79   27.77   28.00   27.89     27.84  4
  257   27.91   27.72   28.02   27.58     27.79  4
  258   27.89   27.61   27.92   27.59     27.73  4
  259   27.62   27.49   27.79   27.46     27.57  4
  260   27.65   27.39   27.66   27.37     27.50  4
  261   27.54   27.21   27.59   27.14     27.35  4
  262   27.36   26.95   27.42   26.87     27.13  4
  263   27.28   26.79   27.31   26.71     27.00  4
  264   27.00   26.57   27.01   26.50     26.75  4
  265   26.66   26.41   26.75   26.33     26.52  4
  266   26.48   26.23   26.53   26.19     26.33  4
  267   26.31   26.14   26.32   26.00     26.17  4
  268   26.14   26.02   26.02   25.77     25.97  4
  269   25.92   25.72   26.00   25.64     25.80  4
  270   25.94   25.76   25.75   25.54     25.72  4
  271   25.81   25.62   25.70   25.34     25.59  4
  272   25.89   25.65   25.97   25.58     25.75  4
  273   25.58   25.37   25.44   25.21     25.38  4
  274   25.85   25.40   25.78   25.44     25.59  4
  275   25.63   25.24   25.62   24.95     25.34  4
  276   25.44   25.11   25.45   24.83     25.18  4
  277   25.26   24.93   25.50   24.80     25.10  4
  278   25.53   24.95   25.60   24.93     25.23  4
  279   25.26   24.77   25.48   24.88     25.07  4
  280   25.16   24.83   25.41   24.80     25.03  4
  281   25.34   25.03   24.98   24.72     25.00  4
  282   25.54   25.29   24.88   24.74     25.09  4
  283   25.60   25.38   24.92   24.81     25.15  4
  284   25.70   25.48   25.68   25.36     25.53  4
  285   25.75   25.55   25.74   25.51     25.62  4
  286   25.91   25.68   25.95   25.62     25.77  4
  287   26.03   25.81   26.10   25.77     25.91  4
  288   26.13   25.88   26.24   25.85     26.00  4
  289   26.30   26.04   26.39   26.00     26.16  4
  290   26.25   26.00   26.36   25.89     26.10  4
  291   26.40   26.17   26.46   26.03     26.24  4
  292   26.41   26.23   26.35   25.94     26.21  4
  293   26.89   26.33   27.03   26.23     26.59  4
  294   27.26   26.66   27.40   26.55     26.94  4
  295   27.30   26.72   27.46   26.68     27.01  4
  296   27.25   27.05   27.46   26.83     27.12  4
  297   27.42   26.97   27.51   26.97     27.19  4
  298   26.71   27.01   27.76   27.35     27.18  4
  299   22.58   27.14   27.38   26.99     25.84  4
  300   22.99   26.72   27.78   27.40     26.05  4
  301   27.65   26.78   27.63   27.29     27.31  4
  302   22.18   27.32   27.76   27.26     25.88  4
  303   27.81   27.72   27.95   27.60     27.75  4
  304   27.77   27.64   22.42   27.13     26.01  4
  305   27.88   27.66   27.75   27.47     27.67  4
  306   27.75   27.61   27.72   27.41     27.60  4
  307   27.75   27.52   27.75   27.39     27.58  4
  308   27.43   27.42   22.15   26.77     25.72  4
  309   27.57   27.32   22.25   26.82     25.77  4
  310   26.52   26.49   26.59   26.42     26.48  4
  311   26.54   26.50   26.49   26.23     26.42  4
  312   25.96   26.02   26.09   26.00     25.99  4
  313   26.03   25.99   25.98   25.84     25.94  4
  314   25.74   25.63   25.59   25.46     25.58  4
  315   25.56   25.56   25.61   25.54     25.54  4
  316   25.36   25.65   26.15   25.84     25.73  4
  317   26.03   25.98   26.27   25.91     26.02  4
  318   25.56   25.73   26.01   25.76     25.74  4
  319   25.42   25.50   26.01   25.66     25.62  4
  320   24.99   24.95   25.75   25.48     25.27  4
  321   24.81   24.80   24.94   24.69     24.79  4
  322   25.43   24.91   25.16   24.85     25.07  4
  323   25.38   25.07   25.30   24.93     25.15  4
  324   25.29   24.96   25.37   24.76     25.07  4
  325   25.07   24.67   25.21   24.57     24.86  4
  326   24.84   24.45   25.06   24.55     24.70  4
  327   24.54   24.31   24.61   24.30     24.42  4
  328   24.59   24.29   24.64   24.31     24.44  4
  329   24.57   24.51   24.97   24.54     24.63  4
  330   24.76   24.30   24.68   24.26     24.48  4
  331   24.64   24.40   24.69   24.33     24.50  4
  332   24.66   24.44   24.79   24.44     24.56  4
  333   24.53   24.41   24.78   24.48     24.53  4
  334   24.66   24.57   25.01   24.67     24.71  4
  335   25.31   24.67   25.26   24.78     24.98  4
  336   24.99   24.91   24.88   24.80     24.87  4
  337   25.12   24.82   24.95   24.75     24.89  4
  338   25.07   24.97   25.11   24.84     24.98  4
  339   25.13   25.09   25.27   24.84     25.06  4
  340   25.44   25.68   25.76   25.47     25.56  4
  341   24.74   25.04   24.95   25.01     24.91  4
  342   25.47   25.15   25.44   25.32     25.32  4
  343   25.76   25.62   25.81   25.79     25.72  4
  344   25.93   26.53   26.39   26.29     26.26  4
  345   26.68   26.32   26.89   26.38     26.54  4
  346   27.20   26.66   26.98   26.76     26.88  4
  347   27.46   26.95   27.41   27.17     27.22  4
  348   27.45   27.12   27.50   27.05     27.26  4
  349   27.53   27.28   27.60   27.19     27.38  4
  350   27.66   27.35   27.68   27.26     27.47  4
  351   27.69   27.40   27.73   27.36     27.52  4
  352   27.73   27.43   27.77   27.36     27.55  4
  353   27.70   27.44   27.76   27.35     27.54  4
  354   27.68   27.44   27.76   27.39     27.54  4
  355   27.69   27.45   27.78   27.40     27.56  4
  356   27.69   27.45   27.74   27.38     27.54  4
  357   27.65   27.39   27.73   27.31     27.50  4
  358   27.57   27.32   27.62   27.24     27.41  4
  359   27.54   27.24   27.60   27.16     27.36  4
  360   27.48   27.15   27.53   27.04     27.28  4
  361   27.40   27.02   27.43   26.89     27.16  4
  362   27.27   26.85   27.33   26.76     27.03  4
  363   27.13   26.74   27.14   26.60     26.88  4
  364   26.95   26.59   26.93   26.49     26.72  4
  365   26.76   26.45   26.78   26.36     26.56  4
  366   26.63   26.34   26.65   26.24     26.44  4
  367   26.46   26.14   26.50   26.08     26.27  4
  368   26.32   26.02   26.37   25.92     26.13  4
  369   26.15   25.84   26.23   25.82     25.99  4
  370   26.02   25.74   26.09   25.71     25.87  4
  371   25.89   25.66   26.02   25.62     25.77  4
  372   25.81   25.57   25.90   25.52     25.67  4
  373   25.72   25.50   25.80   25.45     25.59  4
  374   25.66   25.44   25.74   25.37     25.53  4
  375   25.60   25.40   25.69   25.32     25.48  4
  376   25.59   25.39   25.65   25.32     25.47  4
  377   25.61   25.40   25.68   25.28     25.47  4
  378   25.63   25.41   25.69   25.33     25.50  4
  379   25.66   25.46   25.76   25.36     25.54  4
  380   25.70   25.48   25.80   25.39     25.57  4
  381   25.75   25.54   25.83   25.47     25.63  4
  382   25.86   25.62   25.90   25.55     25.71  4
  383   25.96   25.70   26.04   25.64     25.81  4
  384   26.05   25.76   26.10   25.70     25.88  4
  385   26.15   25.89   26.17   25.83     25.99  4
  386   26.25   25.98   26.27   25.88     26.07  4
  387   26.36   26.11   26.39   26.03     26.20  4
  388   26.52   26.28   26.55   26.19     26.36  4
  389   26.60   26.34   26.64   26.26     26.44  4
  390   26.72   26.42   26.69   26.30     26.51  4
  391   26.98   26.58   27.01   26.44     26.73  4
  392   27.33   26.90   27.37   26.74     27.06  4
  393   27.49   27.17   27.53   26.97     27.27  4
  394   27.59   27.31   27.65   27.21     27.42  4
  395   27.68   27.43   27.75   27.38     27.54  4
  396   27.76   27.52   27.84   27.46     27.62  4
  397   27.89   27.60   27.97   27.56     27.73  4
  398   27.98   27.69   28.06   27.63     27.81  4
  399   28.06   27.74   28.11   27.67     27.87  4
  400   28.09   27.77   28.15   27.72     27.91  4
  401   28.12   27.79   28.20   27.75     27.94  4
  402   28.16   27.82   28.20   27.75     27.96  4
  403   28.12   27.81   28.16   27.73     27.93  4
  404   28.07   27.75   28.10   27.70     27.88  4
  405   27.97   27.67   28.01   27.61     27.79  4
  406   27.86   27.59   27.94   27.53     27.71  4
  407   27.79   27.50   27.83   27.44     27.62  4
  408   27.71   27.42   27.76   27.34     27.53  4
  409   27.61   27.33   27.69   27.26     27.45  4
  410   27.51   27.15   27.58   27.03     27.29  4
  411   27.36   26.93   27.46   26.84     27.12  4
  412   27.06   26.68   27.18   26.60     26.85  4
  413   26.90   26.57   26.98   26.50     26.72  4
  414   26.65   26.39   26.72   26.32     26.50  4
  415   26.48   26.24   26.55   26.15     26.33  4
  416   26.39   26.13   26.45   26.05     26.23  4
  417   26.22   25.95   26.28   25.87     26.06  4
  418   26.10   25.81   26.15   25.73     25.92  4
  419   25.94   25.69   25.99   25.61     25.79  4
  420   25.80   25.53   25.83   25.47     25.64  4
  421   25.70   25.43   25.73   25.36     25.53  4
  422   25.58   25.29   25.64   25.19     25.40  4
  423   25.53   25.21   25.60   25.11     25.34  4
  424   25.49   25.14   25.55   25.05     25.28  4
  425   25.37   25.04   25.46   24.92     25.17  4
  426   25.29   24.87   25.37   24.80     25.06  4
  427   25.29   24.92   25.38   24.85     25.09  4
  428   25.27   24.87   25.34   24.82     25.05  4
  429   25.29   24.90   25.40   24.86     25.09  4
  430   25.37   24.98   25.44   24.91     25.15  4
  431   25.42   25.02   25.51   24.98     25.21  4
  432   25.50   25.14   25.55   25.08     25.29  4
  433   25.54   25.26   25.64   25.19     25.39  4
  434   25.59   25.32   25.68   25.26     25.44  4
  435   25.71   25.49   25.81   25.44     25.59  4
  436   25.79   25.60   25.92   25.56     25.70  4
  437   25.91   25.71   26.01   25.64     25.80  4
  438   26.15   25.87   26.18   25.78     25.97  4
  439   26.10   25.95   26.11   25.86     25.98  4
  440   26.06   25.97   26.21   25.92     26.02  4
  441   26.01   25.94   26.39   26.02     26.07  4
  442   25.94   25.88   26.42   26.06     26.05  4
  443   26.43   26.22   26.69   26.22     26.37  4
  444   26.50   26.25   26.98   26.36     26.50  4
  445   26.89   26.55   27.21   26.55     26.78  4
  446   26.25   26.27   26.47   26.15     26.26  4
  447   26.33   26.23   26.35   26.19     26.25  4
  448   27.48   26.68   27.33   26.67     27.01  4
  449   27.20   26.98   27.49   26.68     27.06  4
  450   26.89   26.78   26.89   26.64     26.78  4
  451   27.29   27.17   27.63   27.18     27.29  4
  452   27.53   27.24   27.60   27.07     27.33  4
  453   27.39   27.11   26.95   26.76     27.03  4
  454   27.04   26.68   27.03   26.73     26.85  4
  455   27.33   26.98   27.04   26.66     26.98  4
  456   27.25   26.96   27.30   26.73     27.04  4
  457   27.28   26.90   27.14   26.64     26.96  4
  458   27.33   26.94   27.28   26.64     27.02  4
  459   27.26   26.87   27.33   26.58     26.98  4
  460   26.86   26.47   27.07   26.29     26.65  4
  461   27.27   26.80   27.32   26.85     27.03  4
  462   26.41   26.16   26.61   26.09     26.29  4
  463   26.66   25.94   26.60   25.89     26.25  4
  464   26.32   26.13   26.38   26.04     26.20  4
  465   26.31   26.08   26.33   26.01     26.16  4
  466   26.22   25.98   26.26   25.89     26.06  4
  467   26.09   25.85   26.11   25.77     25.93  4
  468   26.01   25.75   26.04   25.68     25.85  4
  469   25.92   25.67   25.97   25.62     25.77  4
  470   25.84   25.60   25.87   25.52     25.68  4
  471   25.76   25.52   25.81   25.46     25.62  4
  472   25.69   25.47   25.77   25.37     25.55  4
  473   25.73   25.46   25.83   25.35     25.57  4
  474   25.74   25.42   25.80   25.33     25.55  4
  475   25.70   25.41   25.73   25.29     25.51  4
  476   25.67   25.44   25.74   25.34     25.52  4
  477   25.73   25.46   25.78   25.38     25.57  4
  478   25.76   25.48   25.84   25.41     25.60  4
  479   25.91   25.55   25.95   25.51     25.71  4
  480   25.81   25.56   25.86   25.41     25.64  4
  481   25.81   25.60   25.83   25.51     25.67  4
  482   25.85   25.65   25.86   25.58     25.71  4
  483   26.03   25.79   26.05   25.73     25.88  4
  484   26.12   25.90   26.13   25.85     25.98  4
  485   26.08   25.95   26.13   25.83     25.98  4
  486   26.15   26.01   26.08   25.82     25.99  4
  487   26.38   26.20   26.28   26.02     26.20  4
  488   26.32   26.15   26.25   25.96     26.15  4
  489   26.20   26.11   26.31   25.99     26.13  4
  490   26.11   26.18   26.43   26.06     26.17  4
  491   26.62   26.35   26.79   26.18     26.46  4
  492   27.14   26.68   27.20   26.54     26.86  4
  493   26.81   26.66   26.80   26.59     26.69  4
  494   26.85   26.98   27.57   26.62     26.98  4
  495   26.89   26.63   26.72   26.78     26.73  4
  496   27.16   27.13   27.57   27.02     27.20  4
  497   27.26   27.17   27.67   27.36     27.34  4
  498   27.04   27.08   27.55   26.83     27.10  4
  499   27.49   27.26   27.57   27.20     27.36  4
  500   26.89   26.85   26.79   26.91     26.83  4
  501   26.80   26.82   27.15   26.87     26.89  4
  502   26.70   26.91   27.76   27.52     27.20  4
  503   27.11   26.79   26.81   26.81     26.86  4
  504   26.60   26.60   26.82   26.62     26.64  4
  505   27.46   27.05   27.33   26.89     27.16  4
  506   27.54   27.21   27.67   27.14     27.36  4
  507   26.68   26.43   26.48   26.38     26.47  4
  508   26.87   26.52   26.62   26.74     26.66  4
  509   27.32   26.70   27.42   26.68     27.00  4
  510   27.20   26.63   27.20   26.55     26.87  4
  511   27.02   26.63   27.08   26.58     26.80  4
  512   26.73   26.45   26.83   26.38     26.57  4
  513   26.62   26.35   26.67   26.28     26.46  4
  514   26.53   26.25   26.56   26.18     26.35  4
  515   26.39   26.11   26.43   26.03     26.22  4
  516   26.27   25.99   26.31   25.92     26.10  4
  517   26.13   25.85   26.16   25.78     25.96  4
  518   25.97   25.69   26.08   25.65     25.82  4
  519   25.90   25.57   25.94   25.53     25.71  4
  520   25.72   25.50   25.80   25.47     25.60  4
  521   25.66   25.35   25.71   25.27     25.48  4
  522   25.58   25.24   25.61   25.16     25.38  4
  523   25.56   25.18   25.59   25.09     25.33  4
  524   25.46   25.08   25.51   25.00     25.24  4
  525   25.48   25.16   25.52   25.07     25.29  4
  526   25.52   25.21   25.56   25.09     25.32  4
  527   25.50   25.15   25.58   25.04     25.29  4
  528   25.55   25.21   25.59   25.13     25.35  4
  529   25.57   25.24   25.62   25.15     25.38  4
  530   25.64   25.30   25.66   25.24     25.44  4
  531   25.70   25.41   25.76   25.35     25.53  4
  532   25.80   25.53   25.85   25.49     25.64  4
  533   25.88   25.58   25.96   25.58     25.73  4
  534   26.02   25.71   26.07   25.69     25.85  4
  535   26.15   25.80   26.20   25.78     25.96  4
  536   26.29   25.96   26.33   25.90     26.09  4
  537   26.44   26.06   26.45   26.02     26.22  4
  538   26.60   26.24   26.61   26.16     26.38  4
  539   26.76   26.40   26.79   26.31     26.54  4
  540   26.98   26.52   26.95   26.48     26.71  4
  541   27.09   26.67   27.07   26.58     26.83  4
  542   27.25   26.84   27.25   26.76     27.00  4
  543   27.39   26.98   27.43   26.90     27.15  4
  544   27.50   27.13   27.53   27.04     27.28  4
  545   27.60   27.28   27.65   27.14     27.39  4
  546   27.67   27.36   27.76   27.29     27.50  4
  547   27.72   27.42   27.83   27.38     27.56  4
  548   27.79   27.47   27.83   27.47     27.61  4
  549   27.82   27.53   27.85   27.45     27.64  4
  550   27.87   27.51   27.91   27.49     27.67  4
  551   27.83   27.53   27.88   27.49     27.66  4
  552   27.80   27.52   27.85   27.47     27.64  4
  553   27.78   27.49   27.84   27.46     27.62  4
  554   27.79   27.47   27.81   27.44     27.60  4
  555   27.73   27.42   27.76   27.35     27.54  4
  556   27.63   27.36   27.71   27.29     27.47  4
  557   27.56   27.25   27.59   27.10     27.35  4
  558   27.49   27.14   27.55   27.02     27.27  4
  559   27.39   27.03   27.44   26.89     27.16  4
  560   27.31   26.91   27.31   26.76     27.05  4
  561   27.08   26.68   27.13   26.59     26.85  4
  562   26.90   26.54   26.90   26.45     26.67  4
  563   26.76   26.40   26.75   26.34     26.54  4
  564   26.60   26.28   26.61   26.20     26.40  4
  565   26.49   26.14   26.50   26.09     26.28  4
  566   26.35   26.05   26.35   25.99     26.16  4
  567   26.22   25.94   26.28   25.87     26.06  4
  568   26.15   25.83   26.19   25.80     25.97  4
  569   26.04   25.77   26.10   25.73     25.89  4
  570   25.95   25.69   26.04   25.63     25.81  4
  571   25.88   25.62   25.97   25.57     25.74  4
  572   25.84   25.55   25.94   25.54     25.69  4
  573   25.82   25.54   25.89   25.52     25.67  4
  574   25.81   25.53   25.84   25.50     25.65  4
  575   25.84   25.54   25.86   25.52     25.67  4
  576   25.85   25.59   25.92   25.57     25.71  4
  577   25.91   25.62   25.99   25.59     25.75  4
  578   25.99   25.69   26.04   25.64     25.82  4
  579   26.08   25.78   26.14   25.73     25.91  4
  580   26.15   25.83   26.18   25.83     25.97  4
  581   26.26   25.94   26.30   25.92     26.08  4
  582   26.38   26.04   26.38   26.01     26.18  4
  583   26.48   26.15   26.48   26.10     26.28  4
  584   26.52   26.22   26.55   26.17     26.34  4
  585   26.64   26.33   26.68   26.30     26.47  4
  586   26.89   26.53   26.88   26.44     26.66  4
  587   27.04   26.68   27.06   26.58     26.81  4
  588   27.27   26.80   27.30   26.74     27.00  4
  589   27.32   26.89   27.42   26.83     27.09  4
  590   27.50   27.11   27.54   27.04     27.27  4
  591   27.60   27.26   27.63   27.19     27.40  4
  592   27.70   27.38   27.74   27.32     27.51  4
  593   27.77   27.48   27.84   27.43     27.61  4
  594   27.82   27.52   27.87   27.51     27.66  4
  595   27.84   27.58   27.91   27.55     27.70  4
  596   27.86   27.61   27.91   27.58     27.72  4
  597   27.91   27.66   27.94   27.62     27.76  4
  598   27.80   27.59   27.88   27.60     27.69  4
  599   27.85   27.62   27.89   27.58     27.71  4
  600   27.53   27.35   27.58   27.40     27.44  4
  601   27.54   27.37   27.64   27.38     27.46  4
  602   27.94   27.64   28.00   27.62     27.78  4
  603   27.84   27.55   27.81   27.44     27.64  4
  604   27.73   27.42   27.73   27.32     27.52  4
  605   27.70   27.39   27.73   27.32     27.51  4
  606   27.39   26.98   27.29   26.81     27.10  4
  607   27.53   27.21   27.57   27.04     27.31  4
  608   27.45   27.07   27.50   26.98     27.22  4
  609   26.93   26.54   26.98   26.42     26.69  4
  610   26.91   26.55   26.86   26.35     26.65  4
  611   26.61   26.36   26.61   26.15     26.41  4
  612   26.33   26.21   26.32   25.94     26.18  4
  613   25.66   25.52   25.82   25.45     25.59  4
  614   25.80   25.57   25.87   25.51     25.67  4
  615   24.96   24.88   24.91   24.77     24.86  4
  616   25.01   24.77   24.97   24.76     24.86  4
  617   25.10   24.78   25.10   24.80     24.92  4
  618   24.73   24.72   25.05   24.87     24.82  4
  619   24.76   24.65   24.74   24.54     24.65  4
  620   24.63   24.55   24.82   24.52     24.61  4
  621   24.59   24.51   24.60   24.47     24.52  4
  622   24.53   24.38   24.54   24.35     24.43  4
  623   24.48   24.39   24.67   24.34     24.45  4
  624   24.82   24.60   24.96   24.43     24.68  4
  625   25.14   24.71   25.36   24.60     24.93  4
  626   25.38   24.76   25.52   24.72     25.07  4
  627   24.63   24.40   24.60   24.34     24.47  4
  628   24.46   24.42   24.51   24.35     24.42  4
  629   25.64   25.29   25.60   25.19     25.41  4
  630   25.61   25.30   25.63   25.31     25.44  4
  631   24.87   24.74   24.73   24.71     24.74  4
  632   24.84   24.59   24.53   24.59     24.62  4
  633   25.20   24.72   25.02   24.78     24.91  4
  634   24.95   24.80   25.21   25.39     25.06  4
  635   24.81   25.15   25.41   24.80     25.02  4
  636   25.86   25.80   25.87   25.63     25.77  4
  637   25.40   25.15   25.09   25.08     25.16  4
  638   25.38   25.47   25.29   25.21     25.32  4
  639   25.85   25.69   25.76   25.43     25.66  4
  640   26.53   26.08   26.73   26.29     26.38  4
  641   26.84   26.35   26.95   26.42     26.62  4
  642   27.04   26.41   26.80   26.44     26.65  4
  643   27.39   26.91   27.41   26.88     27.12  4
  644   27.50   27.16   27.53   27.12     27.30  4
  645   27.59   27.26   27.63   27.24     27.41  4
  646   27.67   27.40   27.72   27.35     27.51  4
  647   27.73   27.42   27.78   27.38     27.55  4
  648   27.77   27.47   27.80   27.46     27.60  4
  649   27.77   27.49   27.80   27.46     27.61  4
  650   27.73   27.45   27.78   27.44     27.58  4
  651   27.78   27.43   27.74   27.42     27.57  4
  652   27.73   27.41   27.79   27.35     27.54  4
  653   27.59   27.26   27.63   27.21     27.40  4
  654   27.54   27.18   27.57   27.13     27.33  4
  655   27.49   27.11   27.55   27.11     27.29  4
  656   27.41   27.00   27.46   26.97     27.19  4
  657   27.30   26.86   27.36   26.84     27.06  4
  658   27.15   26.75   27.24   26.70     26.94  4
  659   27.06   26.65   27.12   26.59     26.83  4
  660   26.88   26.51   26.93   26.49     26.68  4
  661   26.72   26.40   26.74   26.37     26.53  4
  662   26.54   26.28   26.59   26.22     26.39  4
  663   26.39   26.14   26.43   26.09     26.24  4
  664   26.30   26.02   26.35   25.96     26.14  4
  665   26.22   25.90   26.25   25.86     26.03  4
  666   26.11   25.80   26.12   25.74     25.92  4
  667   26.16   25.73   26.08   25.73     25.90  4
  668   25.86   25.62   25.92   25.57     25.72  4
  669   25.81   25.56   25.85   25.53     25.66  4
  670   25.71   25.49   25.78   25.45     25.59  4
  671   25.73   25.49   25.73   25.45     25.58  4
  672   25.62   25.38   25.70   25.39     25.50  4
  673   25.60   25.32   25.69   25.39     25.48  4
  674   25.73   25.46   25.75   25.43     25.57  4
  675   25.68   25.45   25.73   25.46     25.56  4
  676   25.67   25.49   25.79   25.48     25.59  4
  677   25.80   25.61   25.82   25.51     25.66  4
  678   25.81   25.65   25.83   25.53     25.68  4
  679   26.00   25.74   26.03   25.70     25.85  4
  680   26.04   25.83   26.10   25.78     25.92  4
  681   26.16   25.94   26.18   25.87     26.02  4
  682   26.22   26.03   26.29   25.98     26.11  4
  683   26.29   26.09   26.32   26.04     26.16  4
  684   26.50   26.25   26.53   26.17     26.34  4
  685   26.63   26.34   26.64   26.21     26.43  4
  686   26.89   26.52   26.89   26.38     26.65  4
  687   27.07   26.69   27.14   26.54     26.83  4
  688   27.31   26.89   27.36   26.71     27.04  4
  689   27.44   27.06   27.50   26.98     27.22  4
  690   27.54   27.28   27.62   27.14     27.37  4
  691   27.65   27.42   27.72   27.33     27.51  4
  692   27.73   27.50   27.82   27.44     27.60  4
  693   27.88   27.60   27.92   27.54     27.71  4
  694   27.89   27.61   27.96   27.56     27.73  4
  695   27.94   27.65   27.99   27.59     27.77  4
  696   28.00   27.69   28.07   27.66     27.83  4
  697   27.99   27.71   28.02   27.66     27.82  4
  698   27.99   27.72   28.10   27.66     27.84  4
  699   28.03   27.68   28.08   27.66     27.84  4
  700   27.89   27.62   27.93   27.57     27.73  4
